# Lists of information about participation


# # From previous version:
# julia = "93a6d31c-e216-48d8-a9a2-f2f72362548d",
# dean = "b1316280-38a6-45e1-9bb9-7afb2a1a2a96",  # 9.March - 15.March
# luna = "4afe61c5-c5cc-4de4-8f50-9499057668ad",
# per = "7bf5fec3-f46f-419e-9573-001fe9b47d81",
# verena = "a0c74a88-b293-4b31-92c0-967502b28132",# 6.March - 13.March
# agzam = "52152dda-0f54-46d1-affa-6dea85f840dc", # 6.March - 14.March
# anja = "36f9d061-c5e9-4f30-91b2-83351ff40288",  # 28.Feb - 7.March
# nina = "b12888e9-ee4f-42bc-9494-673e5a005e0e",  # 19.June - 26.June
# #P01FA = "6321f7ef-a958-44ad-b8e5-5aa04bc004e1",
# P03JJ = "e9f44eb5-8962-4894-83c6-783025c6eaea", # 30.January - 8.May
# P06SS = "f9f24838-c844-42d4-8343-b20ebdd220f3", # 16.March - 6.June
# P07MG = "4fbfddd0-a346-41c8-be8d-f8804b5068d3", # 17.March - 16.May
# P08UH = "a85f299e-7a09-4ba7-bc19-8a200c2686c2", # 6.March - 17.May
# P10JL = "d05fa984-8d3b-4405-b417-211d1a3f50d6", # 9.March - 4.June
# P13NB = "75cc5240-7805-4550-aeae-873df9984710" # 17.April - 13.June

participants <- list(
  
  daisy = list(
    userid = "b1316280-38a6-45e1-9bb9-7afb2a1a2a96",
    d.start = as.POSIXct("2018-03-09"),
    d.stop = as.POSIXct("2018-03-16")),
  
  violet = list(
    userid = "a0c74a88-b293-4b31-92c0-967502b28132",
    d.start = as.POSIXct("2018-03-06"),
    d.stop = as.POSIXct("2018-03-14")),
  
  agapantha = list(
    userid = "52152dda-0f54-46d1-affa-6dea85f840dc",
    d.start = as.POSIXct("2018-03-06"),
    d.stop = as.POSIXct("2018-03-15")),
  
  anthurium = list(
    userid = "36f9d061-c5e9-4f30-91b2-83351ff40288",
    d.start = as.POSIXct("2018-02-28"), 
    d.stop = as.POSIXct("2018-03-08")),
  
  nasturtium = list(
    userid = "b12888e9-ee4f-42bc-9494-673e5a005e0e",
    d.start = as.POSIXct("2018-06-19"), 
    d.stop = as.POSIXct("2018-07-12")),
  
  P03JJ = list(
    userid = "e9f44eb5-8962-4894-83c6-783025c6eaea",
    d.start = as.POSIXct("2018-01-30"),
    d.stop = as.POSIXct("2018-05-08")),
  
  P06SS = list(
    userid = "f9f24838-c844-42d4-8343-b20ebdd220f3",
    d.start = as.POSIXct("2018-03-16"),
    d.stop = as.POSIXct("2018-06-06")),
  
  P07MG = list(
    userid = "4fbfddd0-a346-41c8-be8d-f8804b5068d3",
    d.start = as.POSIXct("2018-03-17"),
    d.stop = as.POSIXct("2018-05-16")),
  
  P08UH = list(
    userid = "a85f299e-7a09-4ba7-bc19-8a200c2686c2",
    d.start = as.POSIXct("2018-03-06"), 
    d.stop = as.POSIXct("2018-05-17")),
  
  P10JL = list(
    userid = "d05fa984-8d3b-4405-b417-211d1a3f50d6",
    d.start = as.POSIXct("2018-03-09"), 
    d.stop = as.POSIXct("2018-06-04")),
  
  P13NB = list(
    userid = "75cc5240-7805-4550-aeae-873df9984710",
    d.start = as.POSIXct("2018-04-17"), 
    d.stop = as.POSIXct("2018-06-13"))
)





